0 0.06208461538461538 0.22956326987681971 0.1169923076923077 0.42777155655095184
0 0.22975384615384617 0.20156774916013437 0.17552307692307692 0.40313549832026874
0 0.40045384615384616 0.18365061590145576 0.11664615384615383 0.3045912653975364
0 0.5727153846153846 0.2116461366181411 0.14733076923076924 0.4143337066069429
0 0.7603692307692308 0.21612541993281076 0.13802307692307692 0.4232922732362822
0 0.9234153846153846 0.20828667413213886 0.1287230769230769 0.3538633818589026
0 0.9226000000000001 0.6595744680851063 0.15479230769230767 0.44568868980963045
0 0.7442153846153846 0.6674132138857782 0.14572307692307693 0.43001119820828665
0 0.5881 0.6562150055991042 0.13194615384615385 0.4568868980963046
0 0.40890769230769236 0.6528555431131019 0.16124615384615384 0.49496080627099664
0 0.23817692307692306 0.6662933930571109 0.12133076923076923 0.45464725643896975
0 0.07676153846153846 0.6886898096304591 0.11448461538461539 0.34994400895856664